alpha=10.000000
beta=0.100000
ntopics=5
ndocs=13
nwords=1174
liter=1000
